
0 1 822 2 3 4 5 6 
7 8 9 10 11 12 13 14 
15 16 17 210 18 19 20 21 
22 23 24 25 26 27 28 29 
30 31 549 32 33 34 35 597 
36 37 38 39 40 41 42 406 
43 387 44 45 46 47 48 49 
50 51 52 53 54 682 55 56 
57 58 59 397 60 61 62 63 
64 65 66 67 68 69 70 71 
72 73 74 75 76 77 78 79 
80 81 82 83 84 85 86 87 
88 89 90 91 92 93 94 95 
96 97 98 99 100 101 102 103 
911 514 104 105 106 107 108 109 
110 111 112 113 114 115 116 117 
118 119 120 121 122 123 124 125 
126 127 128 80 129 130 131 132 
133 134 135 136 137 138 8 139 
140 141 142 143 144 441 145 23 
146 867 147 148 149 150 151 152 
153 154 155 156 157 158 159 160 
161 162 163 164 165 166 167 168 
582 169 170 556 171 172 173 174 
175 176 177 178 179 180 181 182 
307 183 184 185 186 187 188 189 
190 191 192 193 194 857 195 196 
197 198 199 200 201 202 203 204 
205 206 207 208 209 210 211 212 
213 214 215 216 217 218 219 220 
221 222 566 292 223 224 225 226 
227 228 229 104 230 231 232 233 
234 235 236 819 224 237 42 238 
239 240 241 242 243 244 245 246 
247 248 249 250 251 252 253 222 
254 255 256 257 258 259 260 261 
262 263 264 265 964 266 267 268 
269 270 271 272 273 274 275 276 
277 278 279 280 281 282 283 838 
284 285 286 287 657 288 289 290 
291 292 293 294 295 296 297 298 
299 300 301 302 303 304 305 306 
307 308 309 310 311 312 313 314 
315 316 1 317 318 332 319 320 
321 322 323 324 325 326 327 328 
329 330 331 332 333 334 335 336 
337 338 339 340 341 342 343 344 
865 264 345 346 347 348 349 350 
351 352 353 354 355 356 357 358 
359 360 361 362 363 364 365 366 
367 368 369 370 371 372 373 374 
375 376 377 378 379 380 381 382 
383 384 385 386 492 387 388 389 
390 391 392 393 394 395 396 397 
398 399 400 401 450 402 403 404 
405 919 406 407 408 409 410 411 
480 412 413 414 415 416 417 418 
419 420 421 422 343 423 424 425 
426 427 428 429 430 431 432 433 
434 435 436 437 438 439 440 441 
442 443 444 445 446 447 448 449 
450 451 452 414 453 454 455 456 
818 457 458 459 460 461 462 463 
464 465 466 467 468 469 470 471 
472 473 474 475 476 477 478 479 
740 480 481 482 483 484 485 486 
487 488 489 490 491 492 493 494 
216 495 496 497 498 499 500 501 
502 503 504 505 506 507 508 509 
510 232 511 512 513 514 515 516 
517 518 519 520 521 589 522 523 
524 525 526 234 527 528 529 530 
531 532 533 838 534 134 535 536 
537 538 539 540 541 542 543 544 
545 546 547 548 549 550 545 551 
552 553 554 555 556 557 558 559 
560 881 561 740 562 563 564 565 
566 567 568 157 569 570 571 572 
405 573 234 574 575 576 577 351 
578 579 580 581 582 583 584 585 
586 587 588 589 590 591 592 593 
594 302 595 596 597 598 599 600 
601 75 602 603 604 605 606 607 
608 609 610 611 612 613 614 615 
616 617 618 619 620 621 622 623 
624 625 626 627 628 629 221 630 
631 632 633 303 634 635 812 636 
637 638 639 640 336 641 642 643 
927 644 645 646 647 648 649 650 
651 652 653 317 654 655 656 35 
657 658 6 659 660 661 662 663 
219 664 665 666 667 668 669 670 
975 671 672 673 674 675 676 677 
678 679 680 681 626 682 683 684 
685 686 687 688 689 690 691 692 
693 694 695 696 697 698 699 700 
701 702 703 704 705 706 707 559 
708 709 710 138 711 712 713 714 
715 716 717 718 719 720 721 722 
156 723 724 725 726 727 728 9 
729 730 731 732 733 734 348 735 
736 737 496 738 739 740 741 742 
743 744 745 746 747 748 749 750 
751 752 753 754 755 756 757 758 
759 760 761 762 763 764 765 766 
339 767 7 768 769 770 771 772 
773 691 774 775 776 777 778 779 
216 780 781 782 324 783 784 785 
786 787 788 789 790 791 792 793 
794 795 796 797 798 799 800 397 
801 802 803 804 805 806 807 808 
809 810 811 812 301 813 814 815 
816 817 448 818 819 820 821 822 
823 824 825 826 827 828 829 830 
831 832 833 834 194 835 836 837 
800 838 839 840 841 842 85 843 
844 845 846 847 848 849 850 571 
851 852 853 854 566 855 856 857 
858 859 860 861 862 863 864 865 
866 867 868 869 870 871 872 873 
874 875 876 877 878 879 880 881 
882 883 884 885 886 887 888 889 
890 187 891 892 893 894 895 896 
897 898 899 900 901 902 903 904 
905 429 773 906 907 908 909 910 
911 912 913 914 915 916 241 917 
918 919 920 921 922 923 924 925 
926 927 944 928 929 930 931 70 
932 933 934 935 936 937 487 938 
939 940 941 942 943 944 945 946 
947 948 949 950 951 952 953 954 
955 956 957 958 959 960 961 962 
963 964 965 966 967 968 969 970 
971 972 973 974 975 976 977 978 
979 980 981 637 982 983 984 985 
986 987 988 989 990 991 992 946 
993 994 995 996 997 998 999 789 
241 692 980 708 112 899 155 255 
716 793 867 796 204 952 12 797 
937 563 579 4 939 505 418 151 
55 52 231 801 460 293 645 283 
781 55 551 975 887 339 763 640 
454 487 723 21 693 724 772 490 
912 447 428 484 655 221 125 386 
715 203 789 981 575 281 109 554 
584 855 513 40 970 662 2 578 
176 43 386 50 402 980 150 152 
496 505 573 666 946 407 362 696 
747 663 208 691 81 476 999 667 
476 912 908 348 248 75 969 474 
664 127 38 321 565 565 815 634 
813 430 359 746 97 68 621 715 
255 116 663 508 67 61 458 771 
590 121 124 191 0 361 73 786 
758 927 413 939 82 457 61 549 
892 549 59 225 444 401 129 205 
162 497 701 955 683 692 697 219 
949 222 686 404 435 350 109 273 
869 25 45 461 360 342 567 237 
634 731 713 224 287 5 142 152 
613 590 60 15 395 712 170 727 
599 556 250 478 962 175 308 318 
832 611 662 944 244 810 765 115 
705 91 92 932 872 731 494 145 
34 923 41 880 681 952 406 401 
774 63 263 375 970 368 522 927 
561 458 484 601 461 833 653 814 
478 119 133 245 666 483 693 198 
542 989 455 189 848 659 841 645 
317 19 532 94 380 21 334 800 
995 918 391 438 690 196 145 505 
443 350 671 695 271 576 70 709 
602 889 747 799 943 786 277 957 
893 885 455 894 580 468 490 591 
810 589 282 580 76 493 632 382 
668 650 58 942 739 94 75 131 
179 763 937 563 570 779 124 503 
680 304 97 429 965 924 703 385 
853 668 683 262 537 920 975 984 
943 535 938 887 436 674 994 802 
840 414 766 917 417 848 830 0 
113 729 34 321 520 246 351 176 
782 825 345 330 289 883 420 19 
143 897 460 103 535 200 713 758 
449 503 14 77 41 965 33 321 
445 866 31 724 624 633 116 631 
853 239 574 914 202 619 637 370 
995 301 936 728 871 396 654 201 
420 931 624 992 120 222 18 954 
779 67 956 704 728 350 578 758 
217 997 890 906 123 958 833 82 
872 189 342 73 338 286 800 526 
971 593 944 924 234 175 416 655 
939 947 487 15 731 437 253 306 
261 151 387 493 978 302 892 731 
870 848 25 24 668 553 692 774 
48 724 767 48 375 338 454 784 
786 307 879 190 187 377 504 812 
721 458 66 538 533 535 251 531 
582 849 748 30 849 809 600 728 
598 334 995 237 105 906 882 322 
755 908 769 323 370 453 412 765 
506 702 339 190 822 179 195 135 
768 821 830 760 340 25 35 159 
404 60 947 597 929 501 808 245 
615 435 109 467 442 677 157 194 
36 113 495 176 644 563 981 232 
699 641 825 15 954 764 154 591 
627 155 405 405 465 318 263 219 
303 752 524 655 9 37 359 625 
106 186 107 894 144 859 648 512 
712 794 344 489 403 308 816 717 
993 800 595 253 663 788 209 179 
485 530 581 168 390 400 440 90 
307 838 368 27 984 529 302 66 
839 379 851 718 874 377 208 427 
892 106 561 344 284 958 693 581 
679 231 83 753 20 246 585 991 
293 306 96 367 352 582 932 912 
396 508 710 437 180 470 793 697 
417 81 279 617 9 360 353 149 
657 347 703 11 120 199 681 19 
132 275 322 874 773 341 934 322 
321 173 753 86 967 929 569 183 
0 994 942 257 426 518 968 842 
973 471 264 655 691 232 413 742 
598 617 968 987 433 408 531 179 
482 708 734 147 980 658 784 431 
533 721 367 665 785 443 970 642 
236 277 792 556 360 631 844 948 
760 169 961 756 953 619 551 767 
86 875 601 731 152 373 714 369 
627 126 131 156 587 777 386 985 
960 88 445 650 493 394 323 31 
564 285 569 54 603 184 921 586 
49 744 507 864 409 731 151 161 
885 715 661 772 493 20 989 113 
114 543 449 257 683 71 489 872 
254 380 459 582 807 284 520 87 
602 237 730 53 221 110 80 290 
18 198 640 456 886 843 934 142 
54 690 431 223 185 532 232 794 
538 355 509 785 611 465 742 490 
279 109 619 757 396 17 582 251 
995 608 274 50 230 46 982 231 
99 16 941 511 886 974 205 776 
86 607 903 359 907 569 938 790 
195 271 437 336 400 565 46 670 
390 694 761 251 639 626 178 368 
884 861 415 0 1 2 3 4 
249 5 6 7 8 9 431 10 
11 12 13 14 15 16 17 18 
19 20 21 22 23 24 25 26 
27 28 29 30 31 32 33 34 
35 36 37 38 39 40 41 42 
43 44 45 46 47 48 49 50 
51 52 53 54 55 56 57 58 
59 60 61 62 63 64 65 66 
67 68 69 70 71 72 73 74 
75 76 77 78 79 80 81 82 
83 84 85 86 87 88 89 90 
91 92 93 94 95 96 97 98 
99 100 101 102 103 104 105 106 
107 108 109 604 110 111 112 113 
952 114 115 116 117 118 119 120 
121 122 850 123 124 125 184 126 
127 128 129 130 131 132 133 134 
135 136 330 137 138 139 699 140 
141 142 143 144 145 146 147 148 
149 150 151 152 153 154 155 156 
157 158 703 159 160 161 162 163 
164 165 166 167 168 169 170 171 
172 173 174 175 176 177 178 179 
180 181 182 183 184 185 186 187 
188 189 190 191 192 193 194 195 
196 197 198 199 200 201 202 203 
204 205 206 207 208 209 210 977 
211 212 213 214 215 216 217 218 
219 220 221 222 223 224 225 226 
91 227 228 229 230 231 232 704 
233 234 235 236 467 237 238 239 
240 241 242 243 244 245 246 247 
248 249 250 251 252 253 258 872 
254 255 210 256 257 258 259 260 
261 262 263 264 265 266 267 268 
269 270 271 272 273 274 275 135 
276 277 278 279 280 281 282 283 
284 285 286 287 288 289 290 291 
292 293 294 295 296 297 298 299 
300 301 302 303 304 305 77 306 
307 308 309 310 311 312 313 314 
315 316 317 318 319 320 321 322 
323 324 325 326 327 328 329 330 
331 332 333 902 334 335 336 337 
338 339 448 340 341 342 343 344 
345 346 347 348 349 350 351 42 
352 353 354 355 356 357 358 359 
135 360 361 362 363 364 365 366 
666 320 367 368 369 157 370 371 
372 373 374 375 376 377 378 379 
380 381 382 383 384 331 385 386 
387 482 388 389 166 390 391 392 
393 394 395 396 397 398 399 400 
401 402 403 404 405 406 407 408 
409 410 411 412 413 414 415 416 
417 418 419 398 420 421 422 423 
424 425 426 427 428 47 429 430 
431 432 433 434 435 436 437 438 
439 440 441 442 443 444 445 446 
447 448 449 450 451 452 453 454 
455 825 456 457 458 459 460 461 
462 463 464 465 466 467 468 469 
470 471 472 473 732 474 475 476 
709 477 478 479 480 481 701 482 
483 484 485 486 487 488 489 490 
491 492 493 494 495 496 751 497 
498 499 500 501 577 502 503 504 
505 506 507 508 509 510 511 512 
513 514 502 515 516 231 921 517 
518 519 520 521 522 523 524 525 
526 527 528 529 530 531 532 533 
534 535 536 537 538 539 540 541 
542 543 544 545 546 547 548 549 
550 551 552 553 554 555 556 557 
534 558 559 560 561 562 563 564 
565 566 567 568 569 570 571 572 
573 131 574 575 576 577 578 380 
579 580 581 582 583 48 584 585 
586 587 588 589 590 591 592 593 
594 595 596 597 64 598 599 600 
601 602 603 604 605 606 607 608 
609 610 611 445 612 613 614 615 
616 617 618 619 620 621 622 623 
624 625 694 626 627 628 629 630 
631 632 633 701 634 635 636 637 
638 639 640 641 892 642 643 644 
645 646 647 648 649 650 651 652 
653 654 655 656 657 658 659 660 
661 662 663 664 665 666 667 963 
668 669 670 671 364 672 673 674 
675 676 677 678 679 680 681 682 
683 684 685 686 623 176 687 688 
689 690 691 938 692 693 694 695 
295 696 697 698 699 700 701 702 
236 703 704 705 706 24 707 708 
709 710 711 712 713 714 715 716 
717 691 718 719 720 721 722 723 
724 725 726 727 728 729 730 731 
732 733 734 735 736 737 738 739 
740 741 742 743 744 745 746 471 
747 748 749 750 751 752 753 754 
755 756 757 748 758 759 760 761 
806 762 763 764 765 766 772 767 
925 768 769 770 771 772 773 774 
775 776 777 778 779 780 781 782 
783 784 785 786 965 787 788 789 
551 790 791 792 559 793 794 795 
796 422 797 798 799 800 801 802 
803 804 881 805 806 807 808 809 
810 811 812 261 813 814 815 816 
817 818 819 820 697 821 822 823 
824 825 826 827 828 829 830 670 
831 832 556 833 834 835 249 836 
837 838 839 840 841 842 843 844 
845 846 847 171 848 849 972 850 
851 852 853 854 855 856 857 858 
859 860 861 862 863 864 865 866 
867 613 868 869 870 416 871 872 
873 874 875 876 877 878 879 959 
880 155 881 882 883 884 885 386 
886 887 888 889 890 891 892 893 
894 895 896 897 898 899 900 901 
902 903 904 905 906 907 908 909 
910 911 912 913 914 915 916 917 
918 919 920 921 922 923 924 925 
284 926 927 928 929 930 931 932 
933 233 934 935 936 879 937 938 
939 940 941 942 943 944 945 946 
947 698 948 949 950 951 952 953 
954 955 956 957 958 959 960 961 
962 963 964 965 966 967 137 968 
969 970 971 972 973 974 975 976 
977 978 979 980 944 981 65 982 
983 984 985 986 987 988 989 990 
991 992 993 994 556 995 114 996 
997 998 999 250 840 137 423 645 
153 508 978 747 775 687 825 967 
49 499 978 642 745 380 627 405 
0 22 874 529 137 872 943 289 
236 360 259 772 737 150 279 604 
651 176 728 366 518 896 677 844 
174 787 827 167 320 524 546 688 
923 474 99 280 426 813 105 500 
266 643 551 433 468 161 130 414 
595 165 62 229 31 11 118 760 
250 161 318 640 225 527 388 754 
94 278 525 22 678 822 312 231 
287 459 947 280 429 104 282 747 
708 125 957 526 239 820 664 603 
740 285 9 755 996 915 516 100 
551 558 830 206 789 584 98 997 
283 393 120 409 169 609 350 703 
671 572 480 142 49 619 846 263 
808 412 295 963 600 462 942 300 
446 35 538 6 226 936 979 456 
945 954 403 898 938 5 214 925 
511 862 352 814 562 62 511 395 
162 17 810 309 486 987 688 335 
250 964 400 91 981 200 427 223 
157 664 942 264 41 323 838 781 
713 910 34 509 512 830 97 291 
852 142 860 999 848 211 990 48 
572 720 991 601 197 121 25 386 
292 734 385 341 258 146 308 379 
901 39 606 658 736 280 448 822 
321 580 580 142 307 699 546 500 
226 122 999 268 370 262 982 896 
711 522 635 864 7 102 939 192 
269 519 59 610 965 26 639 839 
484 137 765 626 800 383 554 760 
183 693 275 302 602 401 493 97 
592 478 629 618 594 1 852 13 
954 31 395 232 398 640 557 284 
53 448 496 401 680 824 909 634 
387 792 249 85 565 491 251 996 
902 569 88 641 787 329 705 210 
812 348 979 587 730 90 889 686 
991 357 456 430 154 896 589 739 
800 721 331 219 178 336 546 378 
624 831 270 204 116 673 826 753 
117 527 356 386 290 780 326 342 
349 275 671 405 260 174 335 469 
524 138 826 743 533 448 17 528 
619 299 445 86 867 281 95 565 
164 359 224 528 903 540 779 155 
860 991 648 726 452 328 336 947 
867 160 27 185 51 988 768 72 
709 900 439 380 3 182 571 881 
188 470 245 143 819 273 977 853 
97 31 374 195 609 932 116 163 
709 98 135 9 25 412 869 301 
616 197 768 179 755 980 920 80 
351 201 339 738 82 447 783 330 
313 235 695 135 536 768 184 830 
738 361 656 172 260 579 715 748 
852 297 212 452 591 758 846 569 
520 472 818 17 423 712 641 238 
57 28 710 839 354 653 150 836 
332 280 233 51 958 179 789 403 
985 177 194 538 919 23 593 553 
861 724 897 441 801 216 541 248 
474 642 531 749 597 155 268 288 
21 369 175 822 671 581 369 591 
289 989 317 698 146 768 83 161 
77 11 526 344 567 715 946 730 
828 476 544 648 813 400 835 85 
784 777 958 644 930 101 433 571 
515 95 523 100 545 201 29 952 
743 858 1 793 916 392 339 543 
276 691 619 914 284 803 690 717 
805 942 14 450 579 461 270 467 
142 18 958 532 165 174 513 348 
317 50 297 127 808 515 155 988 
565 308 516 638 996 806 118 665 
338 765 562 299 376 715 164 952 
340 810 764 278 713 86 809 371 
137 278 338 879 377 42 733 696 
260 622 586 531 406 363 979 985 
335 628 962 884 118 714 391 35 
57 863 680 38 730 798 60 163 
72 300 753 538 400 77 791 141 
479 273 948 455 358 763 751 942 
741 367 32 649 829 161 541 432 
206 794 895 409 178 950 699 127 
388 659 287 566 397 105 150 219 
748 158 311 602 708 605 221 853 
955 757 583 545 218 625 451 381 
383 817 473 668 470 356 964 883 
84 115 103 236 497 263 773 228 
136 693 304 607 45 539 348 822 
355 854 607 671 373 471 183 652 
416 170 747 448 172 244 669 425 
20 876 408 901 127 402 178 386 
784 656 706 537 758 555 594 768 
783 725 850 185 850 484 916 250 
109 967 275 952 884 717 144 649 
160 631 556 474 582 287 372 87 
707 50 202 840 845 554 904 887 
694 429 402 408 793 934 239 916 
233 715 796 173 889 982 144 801 
63 805 961 785 385 263 114 83 
784 854 519 339 568 184 874 151 
313 365 379 333 436 908 921 291 
254 533 261 47 371 554 807 638 
828 850 570 82 674 775 40 978 
652 769 758 782 243 862 7 26 
149 56 760 132 645 146 384 336 
76 556 325 701 796 475 